time (s)	theta (A)	maj axis/z0	min axis/z0	crossing#mod 255
4191.518437	214.850479	0.793004	0.100349	227
4193.590424	214.611343	0.794407	0.101375	229
4195.663314	214.601212	0.795490	0.101563	231
4197.733208	214.607040	0.796031	0.101302	233
4199.803334	214.688171	0.795701	0.101345	235
4201.874515	214.870804	0.797190	0.101347	237
4203.942772	215.075089	0.798391	0.101144	239
4206.013103	215.316956	0.799214	0.101173	241
4208.083646	215.650620	0.797594	0.101337	243
4210.156048	215.573090	0.796536	0.101506	245
4212.230527	215.300766	0.794937	0.101677	247
4214.322071	211.517807	0.774287	0.275879	249
4216.391201	205.937653	0.779842	0.355967	251
4218.457821	207.711731	0.779879	0.355458	253
4220.526131	207.907486	0.775110	0.352731	255
4222.606674	206.593613	0.773048	0.352668	1
4224.676727	206.103058	0.777324	0.353207	3
4226.749813	206.731964	0.777849	0.352840	5
4228.814588	207.518173	0.777094	0.351632	7
4230.884142	207.862274	0.776246	0.350458	9
4232.956333	208.357925	0.774125	0.348869	11
4235.024770	208.404678	0.774232	0.348557	13
4237.099156	207.997910	0.772806	0.348531	15
4239.174967	207.784775	0.772118	0.348893	17
4241.250790	207.323196	0.773604	0.348415	19
4243.321593	207.349548	0.774629	0.347116	21
4245.386432	208.258026	0.775750	0.346354	23
4247.452040	209.013916	0.772746	0.344103	25
4249.524791	208.899078	0.767345	0.344565	27
4251.605276	208.230698	0.770888	0.346045	29
4253.676042	208.039062	0.775923	0.344858	31
4255.740504	208.916260	0.772673	0.342502	33
4257.806570	209.413101	0.766094	0.339702	35
4259.885221	209.187332	0.763638	0.340611	37
4261.961674	208.543991	0.767735	0.341659	39
4264.035078	208.240128	0.771257	0.342183	41
4266.102896	208.642853	0.772421	0.342594	43
4268.170958	209.171707	0.771580	0.342334	45
4270.241023	209.529831	0.770346	0.341411	47
4272.311947	209.889053	0.769184	0.340396	49
4274.382974	209.957932	0.768790	0.339784	51
4276.456070	209.639938	0.767452	0.339070	53
4278.530511	209.337585	0.765739	0.337334	55
4280.602506	209.023239	0.765824	0.336401	57
4282.674863	209.152802	0.768776	0.336901	59
4284.741963	210.032562	0.771309	0.337650	61
4286.807778	211.141708	0.772403	0.337132	63
4288.878576	211.636017	0.768436	0.335118	65
4290.954182	210.885910	0.764896	0.334688	67
4293.029973	209.821335	0.766235	0.334717	69
4295.101629	209.878128	0.770400	0.335491	71
4297.169457	210.919403	0.771230	0.335416	73
4299.234592	211.864761	0.770087	0.333021	75
4301.305678	212.290024	0.767304	0.331576	77
4303.378328	212.215225	0.765827	0.331281	79
4305.452083	211.763916	0.766058	0.331812	81
4307.525437	211.461365	0.766857	0.332078	83
4309.597072	211.283600	0.766109	0.331283	85
4311.669284	211.375320	0.765617	0.330533	87
4313.739645	211.708405	0.766382	0.330007	89
4315.808902	212.113632	0.767826	0.330038	91
4317.878110	212.583145	0.768146	0.328989	93
4319.946820	212.936661	0.767574	0.327445	95
4322.018307	213.037552	0.764612	0.326060	97
4324.092780	212.774750	0.762943	0.326140	99
4326.169919	212.323441	0.764150	0.327412	101
4328.243715	211.870651	0.768418	0.327463	103
4330.313469	211.969406	0.770839	0.327730	105
4332.379907	212.775299	0.769184	0.326298	107
4334.446915	213.484543	0.767875	0.324359	109
4336.517186	213.727173	0.765405	0.323293	111
4338.590806	213.561508	0.765839	0.324050	113
4340.665974	213.320114	0.764466	0.323329	115
4342.739903	213.005249	0.765495	0.323296	117
4344.812787	212.791061	0.766668	0.322876	119
4346.883372	212.750046	0.765839	0.321755	121
4348.955668	212.862732	0.766228	0.321076	123
4351.026514	212.964142	0.765814	0.320486	125
4353.096930	213.243240	0.765629	0.320401	127
4355.167221	213.531052	0.767100	0.320200	129
4357.235750	214.048462	0.768146	0.319930	131
4359.303844	214.664917	0.768704	0.319125	133
4361.372974	215.263763	0.767774	0.317462	135
4363.443983	215.508865	0.764635	0.316419	137
4365.518078	215.134720	0.762007	0.315738	139
4367.593303	214.310532	0.760549	0.315007	141
4369.667782	213.674591	0.761457	0.314796	143
4371.739904	213.733261	0.764899	0.315278	145
4373.809535	214.370834	0.766525	0.315390	147
4375.876886	215.096649	0.766635	0.314356	149
4377.945151	215.684662	0.766146	0.313197	151
4380.014781	216.063782	0.766253	0.312260	153
4382.085353	216.370789	0.765483	0.311434	155
4384.156602	216.439575	0.765206	0.310875	157
4386.228003	216.504593	0.764956	0.310285	159
4388.299287	216.591644	0.763829	0.309361	161
4390.370533	216.573334	0.764604	0.309423	163
4392.442629	216.601639	0.764445	0.308885	165
4394.515273	216.449890	0.764251	0.309345	167
4396.589536	216.195236	0.763762	0.309261	169
4398.664632	215.885437	0.763387	0.309005	171
4400.738563	215.551819	0.764434	0.308882	173
4402.810348	215.429947	0.766718	0.309067	175
4404.879608	215.674194	0.767466	0.308651	177
4406.947953	216.256714	0.765856	0.307593	179
4409.015929	216.987396	0.765563	0.306427	181
4411.084766	217.419693	0.765520	0.305107	183
4413.155628	217.536118	0.764179	0.304113	185
4415.227548	217.502792	0.763650	0.303452	187
4417.300347	217.468033	0.763587	0.303385	189
4419.373473	217.423706	0.763788	0.303175	191
4421.445599	217.381027	0.763880	0.303122	193
4423.517831	217.367798	0.763848	0.302451	195
4425.588429	217.554230	0.763868	0.301583	197
4427.658718	217.766296	0.764271	0.300946	199
4429.728457	218.084564	0.765210	0.300556	201
4431.798227	218.499054	0.764389	0.299213	203
4433.868685	218.741562	0.764732	0.299141	205
4435.940124	218.965652	0.764145	0.298548	207
4438.013046	218.855988	0.762238	0.297889	209
4440.086964	218.481155	0.761155	0.298014	211
4442.161112	217.888580	0.762360	0.298603	213
4444.234759	217.431732	0.763526	0.298441	215
4446.307531	217.286911	0.765407	0.298149	217
4448.378528	217.580856	0.766401	0.297984	219
4450.448666	218.052994	0.766948	0.297620	221
4452.517506	218.616653	0.766304	0.296426	223
4454.586836	219.011261	0.765350	0.295581	225
4456.656793	219.323715	0.764586	0.294472	227
4458.727300	219.545670	0.764921	0.294103	229
4460.798538	219.604462	0.764586	0.293726	231
4462.869950	219.706665	0.764158	0.292908	233
4464.941957	219.668762	0.763660	0.292661	235
4467.014943	219.643082	0.763990	0.292465	237
4469.087975	219.510468	0.763899	0.292242	239
4471.161605	219.307343	0.764617	0.292216	241
4473.234592	219.055527	0.765712	0.292056	243
4475.306700	218.902466	0.767188	0.292093	245
4477.377622	218.994003	0.767593	0.291553	247
4479.447265	219.273041	0.766507	0.290838	249
4481.516105	219.818497	0.764914	0.289517	251
4483.584823	220.345367	0.764405	0.288102	253
4485.653741	220.764908	0.763373	0.286636	255
4487.723717	221.144196	0.762006	0.285161	1
4489.794980	221.281906	0.763276	0.284605	3
4491.866859	221.270386	0.764609	0.285054	5
4493.938161	221.321213	0.764532	0.284772	7
4496.010198	221.384369	0.764030	0.283999	9
