crossing time (s)	slope (V/s)	crossing number
4684.751232	10.309234	3735
4685.755428	10.618877	3736
4686.818912	9.386713	3737
4687.825019	9.662038	3738
4688.892607	11.280664	3739
4689.893215	11.477773	3740
4690.964719	10.058985	3741
4691.968339	10.169352	3742
4693.031711	10.095050	3743
4694.037045	9.666703	3744
4695.108283	11.417188	3745
4696.107182	11.546047	3746
4697.179720	9.682563	3747
4698.179980	9.821093	3748
4699.248429	10.052268	3749
4700.248751	9.701384	3750
4701.322566	11.241590	3751
4702.321698	11.767944	3752
4703.393239	9.497130	3753
4704.392036	9.988776	3754
4705.462325	10.157776	3755
4706.461350	9.814367	3756
4707.536702	11.004729	3757
4708.534795	11.301802	3758
4709.607110	9.659018	3759
4710.605609	9.717409	3760
4711.676714	9.838905	3761
4712.674342	10.056145	3762
4713.750763	10.655579	3763
4714.747588	10.794340	3764
4715.820548	9.552235	3765
4716.819330	9.794219	3766
4717.890913	10.037697	3767
4718.888096	9.885043	3768
4719.963557	10.580086	3769
4720.961718	10.758860	3770
4722.034444	9.521095	3771
4723.032372	9.800081	3772
4724.104480	9.859258	3773
4725.101912	9.840765	3774
4726.177265	10.514116	3775
4727.174909	10.648403	3776
4728.248148	9.588846	3777
4729.246500	9.910260	3778
4730.318231	9.857515	3779
4731.316251	9.683718	3780
4732.390648	10.509399	3781
4733.388673	10.659331	3782
4734.461583	9.737996	3783
4735.460835	10.000414	3784
4736.531561	9.775838	3785
4737.530739	9.532499	3786
4738.603391	10.400247	3787
4739.602218	10.431594	3788
4740.674692	9.659782	3789
4741.674504	10.001948	3790
4742.744732	9.604849	3791
4743.745830	9.448304	3792
4744.815654	10.192168	3793
4745.817321	10.305208	3794
4746.887949	9.912773	3795
4747.889709	10.023122	3796
4748.957782	9.587818	3797
4749.960579	9.487643	3798
4751.028460	10.097659	3799
4752.031382	10.083374	3800
4753.100891	9.745824	3801
4754.103557	10.047874	3802
4755.171757	9.551826	3803
4756.173883	9.608342	3804
4757.242074	10.039695	3805
4758.244807	10.074025	3806
4759.315206	9.711950	3807
4760.316871	9.839174	3808
4761.385849	9.510447	3809
4762.387155	9.445411	3810
4763.456808	10.002256	3811
4764.457586	10.091048	3812
4765.529535	9.761390	3813
4766.529515	9.938879	3814
4767.600491	9.305989	3815
4768.600361	9.516621	3816
4769.671415	9.957031	3817
4770.670373	9.831632	3818
4771.744109	9.759044	3819
4772.741759	9.933957	3820
4773.815175	9.360403	3821
4774.812463	9.399144	3822
4775.885794	9.811431	3823
4776.883443	9.892490	3824
4777.957624	9.667480	3825
4778.955477	9.842186	3826
4780.028968	9.466161	3827
4781.026167	9.534462	3828
4782.100331	9.497380	3829
4783.096922	9.742259	3830
4784.171917	9.587241	3831
4785.169183	9.776400	3832
4786.242758	9.409639	3833
4787.239579	9.557741	3834
4788.314215	9.680600	3835
4789.310400	9.624659	3836
4790.385981	9.661480	3837
4791.382955	9.947096	3838
4792.456501	9.343745	3839
4793.453060	9.532626	3840
4794.527770	9.516344	3841
4795.524389	9.769894	3842
4796.599568	9.663156	3843
4797.596415	9.563795	3844
4798.670431	9.279597	3845
4799.667010	9.475030	3846
4800.741393	9.293119	3847
4801.738086	9.494389	3848
4802.812855	9.607588	3849
4803.810023	9.670044	3850
4804.883605	9.492664	3851
4805.881567	9.458679	3852
4806.954120	9.407565	3853
4807.951939	9.404117	3854
4809.025871	9.569631	3855
4810.023951	9.640502	3856
4811.096730	9.415560	3857
4812.095296	9.359685	3858
4813.167692	9.223108	3859
4814.166726	9.431287	3860
4815.239318	9.465752	3861
4816.238636	9.601208	3862
4817.310088	9.262697	3863
4818.310359	9.441595	3864
4819.380277	9.205232	3865
4820.380933	9.369183	3866
4821.451996	9.412664	3867
4822.452240	9.403779	3868
4823.523312	9.507440	3869
4824.523784	9.455602	3870
4825.594239	9.242985	3871
4826.594868	9.261338	3872
4827.666310	9.402243	3873
4828.665244	9.572278	3874
4829.737720	9.516340	3875
4830.737315	9.301705	3876
4831.808108	9.404380	3877
4832.808129	9.455807	3878
4833.880046	9.508192	3879
4834.879226	9.301642	3880
4835.951405	9.319394	3881
4836.950798	9.430418	3882
4838.022665	8.989450	3883
4839.020726	9.119234	3884
4840.093863	9.121401	3885
4841.091885	9.310723	3886
4842.165891	9.381950	3887
4843.163660	9.302484	3888
4844.237001	9.129751	3889
4845.234187	9.268422	3890
4846.308619	9.132244	3891
4847.304889	9.287739	3892
4848.380157	9.217779	3893
4849.376531	9.174893	3894
4850.451078	9.075863	3895
4851.447471	9.137126	3896
4852.522553	8.979185	3897
4853.518557	9.347984	3898
4854.594171	9.104027	3899
4855.590205	9.132269	3900
4856.664952	9.062797	3901
4857.661060	9.138897	3902
4858.736166	9.002200	3903
4859.732000	9.221394	3904
4860.807577	9.135489	3905
4861.804023	9.252581	3906
4862.878834	9.146349	3907
4863.875021	9.173527	3908
4864.949852	8.876980	3909
4865.945780	9.173934	3910
4867.021913	9.105975	3911
4868.016947	9.187967	3912
4869.092550	8.993211	3913
4870.088468	9.023958	3914
4871.163680	8.935103	3915
4872.159178	9.171978	3916
4873.235089	8.942537	3917
4874.230552	9.016629	3918
4875.306107	8.895082	3919
4876.302239	9.094015	3920
4877.376703	8.876889	3921
4878.373256	9.138644	3922
4879.448310	9.001455	3923
4880.444923	8.974987	3924
4881.519738	8.973866	3925
4882.516715	9.082050	3926
4883.590181	8.870019	3927
4884.587675	9.016277	3928
4885.660716	8.885933	3929
4886.659145	9.038395	3930
4887.732698	8.851710	3931
4888.731243	8.923555	3932
4889.803150	8.882355	3933
4890.801752	8.939349	3934
4891.874377	8.937905	3935
4892.873157	8.889865	3936
4893.945923	8.870709	3937
4894.945022	8.922719	3938
4896.016924	8.948811	3939
4897.016039	8.979987	3940
4898.088327	8.864765	3941
4899.086752	8.842526	3942
4900.159616	8.815567	3943
4901.158635	8.949480	3944
4902.230552	8.810070	3945
4903.229249	8.932090	3946
4904.301790	8.778614	3947
4905.300499	8.905214	3948
4906.373932	8.873777	3949
4907.371890	8.728876	3950
4908.445000	8.622489	3951
4909.442850	8.922838	3952
4910.516464	8.887087	3953
4911.513570	8.696978	3954
4912.587937	8.773317	3955
4913.584629	8.600612	3956
4914.659258	8.616600	3957
4915.655221	8.856200	3958
4916.730593	8.747139	3959
4917.726699	8.806147	3960
4918.802502	8.530136	3961
4919.797559	8.830292	3962
4920.873630	8.659674	3963
4921.869286	8.737300	3964
4922.944876	8.605526	3965
4923.940283	8.991276	3966
4925.016727	8.705336	3967
4926.011238	8.630298	3968
4927.087874	8.468516	3969
4928.082527	8.742009	3970
4929.158382	8.529547	3971
4930.153297	8.790626	3972
4931.230042	8.472749	3973
4932.224765	8.904409	3974
4933.301434	8.600755	3975
4934.296079	8.672635	3976
4935.372091	8.621140	3977
4936.367322	8.685182	3978
4937.443499	8.519461	3979
4938.438331	8.663063	3980
4939.515305	8.467823	3981
4940.509193	8.688697	3982
4941.585898	8.652570	3983
4942.580987	8.633881	3984
4943.657275	8.488978	3985
4944.652372	8.633820	3986
4945.728692	8.623225	3987
4946.723484	8.571959	3988
4947.799945	8.350500	3989
4948.795332	8.730120	3990
4949.870716	8.562034	3991
4950.866567	8.895838	3992
4951.941257	8.661239	3993
4952.937421	8.549200	3994
4954.013098	8.437657	3995
4955.009094	8.446614	3996
4956.083966	8.646152	3997
4957.080914	8.642534	3998
4958.155090	8.234466	3999
4959.151327	8.775916	4000
4960.226093	8.405520	4001
4961.223087	8.508271	4002
4962.297106	8.629992	4003
4963.294601	8.691611	4004
4964.367934	8.355407	4005
4965.366158	8.549290	4006
4966.439180	8.342980	4007
4967.437382	8.571634	4008
4968.510269	8.536947	4009
4969.508551	8.469823	4010
4970.581278	8.370979	4011
4971.579890	8.428841	4012
4972.652772	8.325199	4013
4973.650994	8.465690	4014
4974.724182	8.441933	4015
4975.722259	8.348834	4016
4976.795746	8.382940	4017
4977.793453	8.447813	4018
4978.866800	8.340791	4019
4979.864047	8.482785	4020
4980.938335	8.327280	4021
4981.935086	8.513745	4022
4983.010065	8.374872	4023
4984.006558	8.387785	4024
4985.080736	8.373742	4025
4986.077548	8.391198	4026
4987.152663	8.229047	4027
4988.148132	8.403551	4028
4989.224311	8.250270	4029
4990.218950	8.394160	4030
4991.295593	8.425379	4031
4992.290636	8.246002	4032
4993.366133	7.942783	4033
4994.361586	8.510558	4034
4995.438718	8.368600	4035
