time (s)	theta (A)	maj axis/z0	min axis/z0	crossing#mod 255
4684.750655	216.091415	0.821368	0.036596	151
4686.820162	216.105118	0.823241	0.036621	153
4688.892378	216.076004	0.822267	0.036760	155
4690.964761	216.043625	0.820198	0.037295	157
4693.033905	216.037231	0.820178	0.037504	159
4695.107166	216.033585	0.820331	0.037706	161
4697.179370	215.991928	0.820179	0.038421	163
4699.249261	215.964203	0.821261	0.038495	165
4701.321958	215.994156	0.819162	0.038618	167
4703.393397	215.991943	0.819534	0.039112	169
4705.463802	215.985657	0.819224	0.039431	171
4707.536394	215.982239	0.818387	0.039565	173
4709.607302	216.007614	0.818365	0.039782	175
4711.677830	216.001495	0.816811	0.040147	177
4713.750228	216.011749	0.815016	0.040341	179
4715.820631	216.094910	0.814659	0.040383	181
4717.891589	216.083313	0.814415	0.040965	183
4719.963692	216.110886	0.813860	0.041045	185
4722.034297	216.172012	0.814442	0.041335	187
4724.105236	216.126953	0.814855	0.041713	189
4726.177310	216.162476	0.814641	0.042029	191
4728.248269	216.161606	0.814310	0.042213	193
4730.318922	216.155396	0.813314	0.042567	195
4732.390644	216.157349	0.812974	0.042907	197
4734.461725	216.190826	0.812680	0.043278	199
4736.532233	216.219849	0.812311	0.043787	201
4738.603578	216.186829	0.811186	0.043815	203
4740.674755	216.199188	0.810201	0.044049	205
4742.745194	216.256607	0.808414	0.044104	207
4744.816191	216.288254	0.806589	0.044510	209
4746.887736	216.345230	0.805891	0.044638	211
4748.958305	216.357544	0.805687	0.045133	213
4751.029102	216.369049	0.805035	0.045321	215
4753.100803	216.401291	0.804201	0.045672	217
4755.171822	216.377029	0.803600	0.045953	219
4757.242776	216.417053	0.802946	0.046153	221
4759.314968	216.402390	0.802326	0.046341	223
4761.386045	216.397034	0.802532	0.046754	225
4763.457331	216.370499	0.802770	0.047057	227
4765.529501	216.355133	0.801958	0.047468	229
4767.600707	216.373505	0.801723	0.047871	231
4769.671964	216.326492	0.802083	0.048116	233
4771.743931	216.326950	0.801307	0.048354	235
4773.815243	216.308838	0.800955	0.048438	237
4775.886296	216.322617	0.799830	0.048788	239
4777.958070	216.335632	0.800405	0.049171	241
4780.029240	216.366043	0.800005	0.049424	243
4782.100573	216.366333	0.799682	0.049754	245
4784.172038	216.417892	0.798635	0.049888	247
4786.243039	216.424103	0.797454	0.050193	249
4788.314366	216.443192	0.796470	0.050457	251
4790.385868	216.443481	0.796187	0.050827	253
4792.456903	216.487289	0.795232	0.051064	255
4794.528037	216.454468	0.795400	0.051234	1
4796.599568	216.507706	0.794829	0.051455	3
4798.670679	216.543289	0.793388	0.051657	5
4800.741699	216.504364	0.792260	0.052052	7
4802.813055	216.531754	0.791064	0.051916	9
4804.884028	216.550339	0.790558	0.052198	11
4806.954817	216.579559	0.790644	0.052661	13
4809.026063	216.589111	0.790102	0.052729	15
4811.097209	216.619980	0.790628	0.053244	17
4813.167899	216.673065	0.789831	0.053651	19
4815.239019	216.666428	0.788646	0.053813	21
4817.310204	216.734528	0.787343	0.053938	23
4819.380707	216.742096	0.787196	0.054253	25
4821.452109	216.764801	0.786970	0.054492	27
4823.523225	216.815506	0.786275	0.054781	29
4825.594440	216.807037	0.786401	0.055015	31
4827.666048	216.867996	0.785763	0.055344	33
4829.737222	216.802597	0.786008	0.055678	35
4831.808311	216.839722	0.784791	0.055749	37
4833.879874	216.828476	0.784596	0.056139	39
4835.951364	216.851440	0.784330	0.056300	41
4838.022770	216.818192	0.785017	0.056697	43
4840.094062	216.822144	0.784394	0.056969	45
4842.165764	216.829575	0.784499	0.057277	47
4844.237175	216.841446	0.784040	0.057583	49
4846.308745	216.840256	0.783834	0.057589	51
4848.380233	216.808304	0.783500	0.058038	53
4850.451450	216.839355	0.782699	0.058200	55
4852.522851	216.852493	0.782108	0.058536	57
4854.594164	216.888657	0.781693	0.058391	59
4856.665174	216.950272	0.781793	0.058935	61
4858.736559	216.930206	0.781399	0.059209	63
4860.807731	216.982529	0.781661	0.059433	65
4862.879185	217.017136	0.780076	0.059489	67
4864.950285	217.016647	0.779338	0.059614	69
4867.021814	217.062256	0.777835	0.059564	71
4869.092747	217.048096	0.777566	0.059893	73
4871.163869	217.078552	0.777045	0.059899	75
4873.235135	217.104172	0.776399	0.060430	77
4875.306265	217.109406	0.776463	0.060677	79
4877.377218	217.162186	0.775940	0.061131	81
4879.448291	217.163651	0.775158	0.061248	83
4881.519603	217.195206	0.775245	0.061636	85
4883.590353	217.270233	0.773737	0.061695	87
4885.661253	217.261429	0.772898	0.061962	89
4887.732641	217.325531	0.773294	0.062288	91
4889.803529	217.342407	0.772521	0.062597	93
4891.874715	217.340958	0.771286	0.062584	95
4893.946040	217.380585	0.770011	0.062715	97
4896.017166	217.400665	0.770567	0.063163	99
4898.088391	217.431488	0.769874	0.063425	101
4900.159758	217.437057	0.769776	0.063688	103
4902.230877	217.448227	0.769236	0.064026	105
4904.302116	217.495834	0.768200	0.063834	107
4906.373843	217.497818	0.766893	0.064158	109
4908.445146	217.475708	0.766574	0.064570	111
4910.516551	217.491013	0.766241	0.064479	113
4912.588044	217.461121	0.765611	0.064608	115
4914.659553	217.500443	0.765325	0.064584	117
4916.730929	217.496399	0.765582	0.065403	119
4918.802472	217.503647	0.765832	0.065508	121
4920.873702	217.525848	0.765610	0.065661	123
4922.944960	217.539658	0.765077	0.066026	125
4925.016555	217.558594	0.764295	0.065986	127
4927.087797	217.632492	0.762826	0.066069	129
4929.158912	217.599869	0.762454	0.066302	131
4931.230294	217.639297	0.762368	0.066361	133
4933.301512	217.692627	0.762415	0.066620	135
4935.372521	217.684921	0.761619	0.066831	137
4937.443873	217.705093	0.760267	0.066988	139
4939.515301	217.726334	0.760064	0.067129	141
4941.586102	217.782394	0.760214	0.067244	143
4943.657545	217.781189	0.759722	0.067530	145
4945.728542	217.838715	0.759009	0.067863	147
4947.799934	217.839920	0.758725	0.068011	149
4949.870921	217.840317	0.758922	0.068351	151
4951.941876	217.876633	0.757248	0.068701	153
4954.013130	217.901810	0.757057	0.068664	155
4956.084015	217.987259	0.756893	0.068689	157
4958.155174	217.995056	0.755763	0.068898	159
4960.226021	218.067200	0.755202	0.069070	161
4962.297116	218.083481	0.755191	0.069309	163
4964.368086	218.075897	0.754585	0.069892	165
4966.439242	218.148911	0.754149	0.069623	167
4968.510374	218.172714	0.753192	0.069814	169
4970.581511	218.215240	0.752586	0.070218	171
4972.652826	218.217712	0.751925	0.070269	173
4974.724093	218.234222	0.751471	0.070229	175
4976.795763	218.235443	0.749966	0.070626	177
4978.866952	218.239319	0.750257	0.070837	179
4980.938339	218.227051	0.749702	0.070677	181
4983.009990	218.254303	0.749937	0.070777	183
4985.081191	218.265518	0.750522	0.071268	185
4987.152662	218.246841	0.750473	0.071493	187
4989.224244	218.275864	0.750170	0.071992	189
4991.295740	218.240280	0.750167	0.072163	191
4993.367073	218.301254	0.750746	0.072377	193
4995.438735	218.339569	0.749622	0.072244	195
